0 0.361594 0.522936 0.051443 0.080734
0 0.558179 0.389908 0.060017 0.082569
0 0.492039 0.194495 0.050218 0.095413
0 0.563691 0.069725 0.046544 0.095413
0 0.612072 0.261468 0.035520 0.086239
0 0.658616 0.184404 0.025721 0.071560
0 0.294841 0.689908 0.040419 0.062385
0 0.351796 0.619266 0.034295 0.053211
0 0.418549 0.441284 0.028171 0.049541
0 0.434472 0.349541 0.047768 0.060550
0 0.499388 0.325688 0.035520 0.060550
0 0.551443 0.247706 0.031846 0.044037
0 0.716795 0.113761 0.029396 0.055046
0 0.757827 0.047706 0.035520 0.058716
0 0.737005 0.308257 0.030621 0.062385
0 0.664740 0.322018 0.042869 0.056881
0 0.620646 0.489908 0.033070 0.062385
0 0.529396 0.631193 0.041644 0.058716
0 0.522047 0.731193 0.039195 0.053211
0 0.354858 0.887156 0.045319 0.071560
0 0.392215 0.791743 0.056342 0.056881
0 0.411200 0.704587 0.042869 0.055046
0 0.468767 0.653211 0.030621 0.051376
0 0.475503 0.569725 0.039195 0.053211
0 0.524497 0.517431 0.039195 0.055046
0 0.493263 0.422018 0.042869 0.051376
0 0.570428 0.180734 0.035520 0.056881
0 0.763951 0.198165 0.020822 0.062385
0 0.685562 0.537615 0.030621 0.058716
0 0.701485 0.404587 0.030621 0.056881
0 0.243398 0.903670 0.074715 0.115596
0 0.258708 0.782569 0.046544 0.060550
0 0.326687 0.971560 0.035520 0.042202
0 0.423448 0.930275 0.025721 0.047706
0 0.579002 0.665138 0.023272 0.053211
0 0.534908 0.870642 0.033070 0.067890
0 0.453456 0.852294 0.034295 0.056881
0 0.573490 0.514679 0.022047 0.060550
0 0.722919 0.218349 0.036745 0.062385
0 0.620033 0.032110 0.036745 0.049541
0 0.815394 0.024771 0.028171 0.042202
0 0.618809 0.721101 0.034295 0.058716
0 0.477953 0.782569 0.026946 0.049541
0 0.488364 0.946789 0.018372 0.029358
0 0.353633 0.710092 0.030621 0.047706
0 0.770687 0.393578 0.017148 0.038532
0 0.631669 0.377064 0.025721 0.049541