0 0.084170 0.173394 0.074715 0.163303
0 0.102543 0.600000 0.057567 0.245872
0 0.122752 0.862385 0.075939 0.253211
0 0.355470 0.500000 0.080839 0.996330
0 0.615746 0.210092 0.211896 0.409174
0 0.595537 0.330275 0.048993 0.128440
0 0.662290 0.332110 0.028171 0.117431
0 0.704547 0.577064 0.071040 0.291743
0 0.613297 0.595413 0.096762 0.291743
0 0.531233 0.634862 0.040419 0.282569
0 0.741292 0.183486 0.022047 0.132110
0 0.546544 0.867890 0.034295 0.095413
0 0.620646 0.859633 0.074715 0.152294
0 0.711896 0.884404 0.066141 0.223853
0 0.611460 0.975229 0.083288 0.049541
0 0.842340 0.148624 0.030621 0.289908
0 0.897457 0.079817 0.089413 0.152294
0 0.882147 0.487156 0.127382 0.280734
0 0.879085 0.762385 0.123708 0.207339
0 0.828254 0.924771 0.019597 0.069725
0 0.916442 0.954128 0.014698 0.058716
0 0.863775 0.912844 0.024497 0.060550