0 0.363083 0.607339 0.078239 0.139450
0 0.530562 0.651376 0.090463 0.150459
0 0.441321 0.422936 0.085573 0.071560
0 0.488386 0.297248 0.059901 0.066055
0 0.556234 0.297248 0.022005 0.044037
0 0.541564 0.053211 0.051344 0.077064
0 0.204161 0.100917 0.026894 0.055046
0 0.110030 0.093578 0.026894 0.055046
0 0.113086 0.180734 0.037897 0.053211
0 0.039126 0.447706 0.017115 0.033028
0 0.020789 0.403670 0.029339 0.025688
0 0.040349 0.343119 0.019560 0.033028
0 0.278732 0.841284 0.048899 0.060550
0 0.251837 0.955046 0.053789 0.049541
0 0.404036 0.925688 0.064791 0.089908
0 0.457213 0.501835 0.146697 0.053211
0 0.641196 0.449541 0.062346 0.069725
0 0.555623 0.425688 0.057456 0.073394
0 0.648531 0.683486 0.074571 0.071560
0 0.724936 0.498165 0.022005 0.049541
0 0.751830 0.577064 0.024450 0.034862
0 0.816010 0.829358 0.116135 0.165138
0 0.670536 0.166055 0.074571 0.086239
0 0.773224 0.314679 0.074571 0.262385
0 0.726158 0.833028 0.022005 0.077064
0 0.592908 0.770642 0.039119 0.047706
0 0.344134 0.255963 0.028117 0.042202
0 0.396701 0.240367 0.025672 0.051376
0 0.400979 0.173394 0.026894 0.027523
0 0.379586 0.353211 0.023227 0.020183
0 0.419928 0.597248 0.037897 0.053211
0 0.705987 0.736697 0.015892 0.038532
0 0.810509 0.666972 0.039119 0.075229
0 0.531784 0.538532 0.075794 0.064220
0 0.630194 0.515596 0.035452 0.036697
0 0.432153 0.351376 0.055011 0.060550