0 0.023575 0.040572 0.047149 0.081143
0 0.024671 0.148260 0.049342 0.119318
0 0.013706 0.321023 0.025219 0.106889
0 0.079496 0.214134 0.029605 0.087003
0 0.103070 0.099787 0.048246 0.126776
0 0.165570 0.035156 0.039474 0.067116
0 0.057566 0.293679 0.023026 0.047230
0 0.077851 0.365767 0.041667 0.131747
0 0.038377 0.481357 0.054825 0.169034
0 0.056469 0.599432 0.049342 0.126776
0 0.015351 0.623047 0.021930 0.044744
0 0.091009 0.677734 0.041667 0.099432
0 0.020833 0.896484 0.037281 0.104403
0 0.143092 0.655362 0.023026 0.089489
0 0.157346 0.545987 0.038377 0.089489
0 0.130482 0.517401 0.050439 0.111861
0 0.134868 0.323509 0.032895 0.151634
0 0.179825 0.158203 0.046053 0.084517
0 0.218750 0.688920 0.112939 0.305753
0 0.237390 0.934570 0.066886 0.130859
0 0.358004 0.662820 0.075658 0.178977
0 0.404057 0.514915 0.097588 0.226207
0 0.432018 0.293679 0.067982 0.131747
0 0.456140 0.216619 0.043860 0.131747
0 0.383224 0.901012 0.104167 0.197976
0 0.297149 0.889027 0.081140 0.164063
0 0.531798 0.614347 0.041667 0.176491
0 0.617873 0.512429 0.091009 0.221236
0 0.599232 0.133345 0.036184 0.154119
0 0.661184 0.109730 0.059211 0.141690
0 0.739583 0.074130 0.104167 0.148260
0 0.645285 0.287464 0.091009 0.139205
0 0.741228 0.246449 0.059211 0.116832
0 0.797149 0.191761 0.052632 0.126776
0 0.705044 0.412997 0.052632 0.072088
0 0.771382 0.393111 0.047149 0.091974
0 0.833333 0.347124 0.098684 0.129261
0 0.713816 0.541016 0.063596 0.119318
0 0.680921 0.729936 0.092105 0.268466
0 0.770285 0.738636 0.108553 0.330611
0 0.850877 0.611861 0.078947 0.181463
0 0.777961 0.502486 0.040570 0.077060
0 0.941886 0.559659 0.043860 0.111861
0 0.941886 0.748580 0.061404 0.131747
0 0.870066 0.816939 0.069079 0.129261
0 0.970395 0.906428 0.050439 0.124290
0 0.913377 0.942472 0.046053 0.096946
0 0.847588 0.435369 0.063596 0.146662
0 0.895285 0.514915 0.064693 0.106889
0 0.914474 0.411754 0.032895 0.129261