0 0.121599 0.651376 0.042146 0.051376
0 0.150002 0.604587 0.036649 0.049541
0 0.122515 0.752294 0.076963 0.047706
0 0.058379 0.486239 0.065968 0.062385
0 0.403796 0.323853 0.053141 0.049541
0 0.449608 0.398165 0.053141 0.044037
0 0.442278 0.475229 0.049476 0.047706
0 0.453272 0.520183 0.060471 0.056881
0 0.522906 0.423853 0.078795 0.047706
0 0.550392 0.504587 0.049476 0.051376
0 0.505497 0.621101 0.058638 0.045872
0 0.555890 0.582569 0.049476 0.042202
0 0.631936 0.522936 0.047644 0.073394
0 0.677748 0.421101 0.043979 0.038532
0 0.791360 0.368807 0.073298 0.058716
0 0.773951 0.525688 0.078795 0.064220
0 0.806019 0.453211 0.058638 0.040367
0 0.857328 0.518349 0.051309 0.067890
0 0.631020 0.638532 0.082460 0.040367
0 0.601701 0.606422 0.060471 0.034862
0 0.701570 0.601835 0.029319 0.029358
0 0.719894 0.646789 0.106282 0.064220
0 0.764789 0.868807 0.163088 0.229358
0 0.876569 0.415596 0.049476 0.119266
0 0.317671 0.649541 0.038481 0.047706
0 0.487173 0.221101 0.043979 0.056881
0 0.553141 0.235780 0.040314 0.031193
0 0.623690 0.193578 0.038481 0.034862
0 0.502749 0.297248 0.045811 0.051376
0 0.467932 0.698165 0.045811 0.049541
0 0.656675 0.723853 0.038481 0.034862