0 0.155633 0.288991 0.185659 0.130275
0 0.236484 0.441284 0.123772 0.082569
0 0.305358 0.370642 0.049908 0.051376
0 0.278407 0.277982 0.111794 0.053211
0 0.452088 0.815596 0.091831 0.056881
0 0.447097 0.864220 0.113791 0.047706
0 0.543919 0.755046 0.099817 0.071560
0 0.626767 0.712844 0.077857 0.075229
0 0.662701 0.778899 0.117783 0.104587
0 0.557894 0.860550 0.167692 0.055046
0 0.773497 0.640367 0.127765 0.095413
0 0.949633 0.644954 0.100734 0.078899
0 0.663699 0.467890 0.063883 0.066055
0 0.402180 0.391743 0.095824 0.086239
0 0.502994 0.533945 0.189651 0.088073
0 0.806437 0.422936 0.073864 0.089908